86401 8640104
86401 8640103
86439 8643903
86439 8643904
86584 8658403
86584 8658404
86345 8634503
86345 8634504
86120 8612003
86120 8612004
86295 8629504
86295 8629503
86598 8659804
86598 8659803
86581 8658103
86581 8658104
86418 8641803
86418 8641804
86573 8657303
86573 8657304
86291 8629104
86291 8629103
86252 8625204
86252 8625203
86397 8639704
86397 8639703
86413 8641304
86413 8641303
86560 8656003
86560 8656004
86409 8640903
86409 8640904
86126 8612603
86126 8612604
86346 8634604
86346 8634603
86575 8657504
86575 8657503
86599 8659903
86599 8659904
86250 8625004
86250 8625003
89143 8914303
89143 8914304
86369 8636904
86369 8636903
86857 8685704
86857 8685703
86272 8627203
86272 8627204
86903 8690303
86903 8690304
86279 8627903
86279 8627904
86263 8626304
86263 8626303
86930 8693003
86930 8693004
86193 8619304
86193 8619303
87265 8726504
87265 8726503
86332 8633204
86332 8633203
86344 8634404
86344 8634403
86372 8637203
86372 8637204
86661 8666104
86661 8666103
86096 8609603
86096 8609604
86536 8653603
86536 8653604
86343 8634304
86343 8634303
89102 8910203
89102 8910204
89147 8914704
89147 8914703
86301 8630104
86301 8630103
86268 8626803
86268 8626804
89163 8916304
89163 8916303
86595 8659501
86780 8678004
86780 8678003
86810 8681003
86810 8681004
86211 8621102
86449 8644901
86115 8611501
86653 8665301
86222 8622204
86091 8609150
86563 8656303
86563 8656304
86577 8657704
86577 8657703
86927 8692701
86082 8608203
86082 8608204
86374 8637401
86177 8617750
86625 8662501
86564 8656403
86564 8656404
86858 8685850
86097 8609704
86470 8647001
86701 8670150
86552 8655204
86552 8655203
86176 8617650
87227 8722703
87227 8722704
86600 8660002
86188 8618801
86334 8633401
86641 8664102
86491 8649102
86478 8647804
86713 8671350
86217 8621701
86583 8658302
86493 8649302
86679 8667951
86285 8628551
86528 8652802
89135 8913503
89135 8913504
86604 8660450
86620 8662001
86410 8641004
89091 8909104
89091 8909103
86649 8664903
86649 8664904
86251 8625101
86494 8649401
86614 8661403
86614 8661404
86721 8672101
86331 8633151
86525 8652503
86501 8650101
86315 8631550
86540 8654003
86788 8678850
86182 8618250
86655 8665502
86325 8632501
86362 8636204
86316 8631650
86757 8675701
87174 8717401
86245 8624504
87297 8729701
86261 8626102
87229 8722901
86851 8685102
86492 8649204
86090 8609002
86830 8683001
86444 8644402
86691 8669101
86153 8615301
86590 8659002
86840 8684001
86510 8651001
86421 8642102
86134 8613402
86711 8671102
86224 8622404
86300 8630002
86047 8604701
86135 8613501
86870 8687001
86398 8639801
87264 8726401
86121 8612101
86671 8667101
86277 8627701
86521 8652101
86378 8637801
86446 8644604
86883 8688301
86589 8658902
86423 8642301
86248 8624801
87337 8733750
86622 8662201
86044 8604401
86735 8673501
86350 8635004
86350 8635003
86764 8676402
87243 8724301
86035 8603502
89064 8906401
86417 8641702
89100 8910003
89100 8910004
89176 8917601
86162 8616203
86018 8601803
86336 8633604
89149 8914901
89099 8909901
89164 8916401
86335 8633501
86472 8647202
86089 8608903
89177 8917701
86253 8625301
89179 8917901
89124 8912450
86351 8635101
86243 8624303
89098 8909802
89123 8912301
86185 8618502
86142 8614250
86305 8630504
86255 8625502
89190 8919003
89190 8919004
89063 8906302
86136 8613604
86029 8602902
85975 8597550
86215 8621501
89107 8910701
86266 8626604
86363 8636302
88943 8894304
88943 8894303
86085 8608501
86714 8671402
87353 8735302
86515 8651502
86485 8648504
86104 8610401
86338 8633801
86156 8615651
87291 8729102
86743 8674302
89222 8922203
89222 8922204
86311 8631102
87287 8728704
87287 8728703
86407 8640701
87417 8741701
86486 8648650
86459 8645903
86459 8645904
86621 8662102
86287 8628701
87342 8734202
86570 8657001
86553 8655301
86231 8623101
86457 8645701
87330 8733001
86370 8637001
86280 8628001
86738 8673850
89187 8918701
86360 8636002
86317 8631703
86317 8631704
86736 8673601
86108 8610802
86163 8616301
86390 8639052
86496 8649650
86916 8691602
86657 8665702
87173 8717350
86771 8677101
86428 8642802
86789 8678901
86855 8685551
89200 8920003
89200 8920004
86180 8618001
86240 8624001
86487 8648701
86505 8650501
86860 8686001
86382 8638201
86480 8648003
86480 8648004
86282 8628250
86914 8691401
86497 8649701
86298 8629850
86355 8635501
86514 8651450
86050 8605002
86233 8623350
86197 8619704
89142 8914201
89154 8915401
86213 8621351
86462 8646201
86578 8657802
86706 8670650
89092 8909201
86342 8634201
86210 8621001
86019 8601901
86270 8627001
89150 8915001
86327 8632701
86141 8614102
86187 8618701
86448 8644801
86021 8602103
86021 8602104
86310 8631003
86289 8628904
86289 8628903
86146 8614604
86450 8645003
86450 8645004
86568 8656803
86568 8656804
86587 8658703
86587 8658704
86347 8634704
86347 8634703
