292992
330778
161548
324305
443999
416839
341929
294664
512772
134618
425925
319439
490327
490460
137402
571453
536988
414197
334249
436891
577664
298439
454133
232693
387398
107856
103291
382644
376734
143151
467772
586327
575803
297296
570521
295926
184486
515401
418154
356910
517549
569006
443747
475697
289709
103796
408856
518394
537290
414850
360809
516638
124286
280801
231491
161298
151143
292649
298190
460426
529006
444453
405609
370849
573197
558629
427873
339175
159964
446116
467617
151857
481163
159295
213820
592081
445830
425522
513912
188139
207909
449125
188034
585015
189048
519342
384824
153120
564244
248721
138040
244219
317616
312997
159147
390988
142023
390741
522176
403601
212023
147473
231752
585483
266067
246055
221544
487164
436132
597235
495340
224229
310625
419367
237279
421076
340120
479342
570603
369310
155762
409912
406674
200575
186569
458618
512109
591221
456075
466283
195772
525267
165157
451307
343298
563784
199465
508149
381835
184926
179148
425707
475945
413320
392558
416215
595618
186081
590574
225227
518627
140573
270244
417803
143450
260373
335880
448165
189063
155189
306416
201924
176255
125731
174533
194157
316212
531803
204247
386004
576001
408919
502411
116228
236178
514239
126513
397009
529977
498578
530063
114347
490953
166255
538038
433806
500742
472914
232009
118075
347588
121394
220845
554966
324917
594670
488461
137834
141861
138789
588717
467338
432349
211155
508174
327956
374419
270206
247063
467672
434028
118237
144127
405905
152088
212714
145157
523095
175556
322556
223090
443511
413241
433877
552332
507868
527283
133725
398572
141568
221752
543784
245611
537284
516199
370277
439828
131671
102245
531767
547014
239335
310017
119755
350139
524042
441271
507216
443527
553364
112545
144693
485693
591303
526111
154307
103698
342257
400505
457038
148000
137130
598142
411467
484911
138785
380659
397470
222004
543663
222223
542960
163855
301486
532924
276975
196992
174748
405798
569871
504671
402920
435371
380541
308146
506127
425243
177789
569715
538630
427775
502403
496845
348932
352097
175216
507897
100108
107354
301922
242555
594023
238558
313835
130781
230849
513359
312723
505595
206585
402830
547974
363977
211255
380609
326469
502081
211568
299701
360463
461544
154003
412714
188264
204010
104537
193437
119717
308616
252324
489725
511389
549305
328501
507481
135370
452989
570240
271747
268098
480601
462462
458405
534947
476090
203314
257845
524082
291539
127049
111920
207645
573858
329244
217860
456859
354855
539297
302212
106292
157257
331587
312553
190307
443753
507111
247561
184172
568111
180748
456296
495986
410333
313329
102041
163301
344443
166031
573038
266222
275417
280966
105477
463886
458789
595732
324268
421245
370409
348571
521443
188433
207585
146398
162520
222862
110821
219896
284987
144192
244812
378550
587745
590321
337564
110244
559746
329433
570809
112845
510533
574142
596283
105331
417686
113333
103673
370094
420249
343210
544133
396149
354970
267359
572433
104915
487587
455160
323176
180389
143256
244599
116215
470960
445811
104509
509174
378456
217106
400947
120889
403095
186641
262141
534084
305410
531613
185681
492904
538231
375037
387369
379432
279633
211341
163131
255806
344211
342718
298720
521816
412667
563428
264202
148916
397380
292703
455063
242785
161260
252926
175427
256386
427934
447589
449856
272684
265957
342653
370104
328535
246965
245457
372870
460496
464722
379356
581337
310670
347451
255377
419829
325452
542949
104730
389948
509390
437264
498647
200070
571194
585988
450701
473966
150984
597020
437261
268519
435646
220959
246762
481599
391342
229330
228054
226311
554854
525830
548325
266968
208503
250034
508168
151679
289062
184637
222821
231345
147795
361572
274512
497317
427993
391590
204061
514243
587858
169083
265082
501411
118813
317625
406016
288896
526212
118272
200927
133799
242118
434716
239739
296453
363992
358824
202333
420103
288411
449540
125164
120085
331501
302986
411690
279829
349997
136433
434365
100696
458535
290568
588516
258211
240401
368702
487432
138762
257976
255233
474970
102440
148434
196971
161445
342979
159070
565093
399039
548793
591846
451958
233261
469826
197427
219007
152452
389871
414520
510359
193011
136747
452407
486051
307092
556456
131999
457304
326239
278039
253755
485774
479609
165536
260032
418552
487033
115790
457902
361634
578323
304456
501054
395368
127376
162766
373172
143217
207494
233767
223648
448032
305644
388866
127297
224180
101534
242215
156138
425708
361960
295812
412195
579471
547811
250634
475470
114713
349189
531664
480481
472312
365671
382009
144625
408594
338190
577513
435439
292900
306683
162289
230853
373389
147875
354405
500565
383668
365786
203823
204880
128327
582487
402334
306016
276016
590288
197797
558676
125720
324884
262356
583599
516376
212971
330754
392727
518366
106558
594401
448815
442712
307572
193519
191458
498512
374784
595529
504827
433935
423734
408600
573017
170401
212230
179455
562743
484390
116982
282482
143302
503115
475937
464376
165690
468180
555587
390005
312689
589923
506310
324380
492939
308216
138469
299023
434775
595570
510820
262731
481301
381082
161096
346718
464475
504389
142662
404779
469905
157897
375140
469774
492394
277292
455940
591882
520815
455143
525736
103687
434032
589176
547685
114754
284409
439314
343734
347821
530917
182145
285903
239589
564188
498245
322677
152317
541054
553550
498884
495248
553639
103630
194189
460176
239504
218146
391639
391067
384866
387771
249225
424824
191140
431241
220669
277931
368026
278500
240098
414666
293965
144125
503423
160774
133674
188892
145798
467616
375738
309313
453680
266105
186161
539304
596337
306233
580701
302701
465312
105572
461952
145375
475244
283772
433553
573005
309670
192447
254038
589451
359209
223124
357754
362649
307030
293145
427694
372630
142129
185763
463564
570435
579759
442480
411258
268162
413265
221184
575601
152162
482968
432445
418801
147347
467768
410100
522102
586121
166469
267202
469404
570815
333731
241766
135008
526540
182232
462973
566713
151940
379267
127108
374840
326527
450289
186760
106752
574827
356424
295642
138130
173327
125227
501955
340650
460467
319947
443073
490685
108047
579450
578518
567492
154202
389408
422629
138468
415995
182936
439147
364621
449038
418743
367093
171958
499308
252576
449810
520275
185662
317441
451255
479632
378292
533767
479981
546580
492850
558421
401525
305021
258721
576561
288905
226106
522585
372863
377298
157176
256754
264493
298675
254177
301698
161812
432888
333082
327771
237334
240306
293962
513049
349751
383755
189518
305418
287931
436421
203782
213824
321208
364932
285877
466184
363479
221575
395987
190102
530132
308373
511910
266005
424179
187384
391742
118128
121414
431090
443427
224328
404132
567160
360649
290011
295919
225739
249296
338812
501174
230415
492465
235237
258835
502483
182776
448483
302398
158996
233860
598159
367434
315765
242435
245512
219997
570193
447146
258669
403069
239071
298590
180166
191375
550058
413197
461959
444246
546079
439071
559854
381495
268533
586984
328854
413441
468046
592567
165172
589982
490022
208283
117387
468722
404507
439167
441754
487483
147565
229593
185560
417471
398618
121884
516429
498644
182222
357178
436313
182554
156776
349826
385018
541847
583068
198654
346416
570397
407684
568268
225055
580126
309234
142517
554936
304495
234711
579757
285152
537774
583969
415655
539842
412212
426675
123988
170666
249132
547394
566410
552877
377564
351797
262463
460590
245383
175296
382671
313430
260977
160533
327470
303592
185611
155416
460331
416047
549245
108127
409603
273009
420977
225248
233287
591678
540127
558226
174481
298405
492124
385523
271312
216234
274474
242078
591872
197524
109203
318182
271847
161283
272950
507350
276919
597392
321099
377095
103989
352602
518246
478786
349636
539388
599551
533217
260764
257799
385838
564548
202745
520027
596151
300024
116806
167657
329741
274084
386981
571525
285814
400182
465843
419973
132657
366354
349071
323431
399955
417602
259317
242731
284772
579942
582302
519674
369635
587195
316740
193624
208066
363524
548829
509195
517805
298626
590485
174152
557679
576447
247138
243560
424145
297550
587265
292457
205621
228159
159714
471411
363211
381451
513734
308889
277585
289598
123315
153542
149985
531873
353188
111771
568916
387630
206338
513336
414373
228115
286133
575151
327294
314434
180136
320792
339807
244576
596083
231908
463349
364678
513321
442713
284388
332722
253515
144067
130938
187553
323702
135747
143382
345942
165402
475654
365268
284600
371470
470864
593986
346841
384312
514473
512657
153802
161906
330817
124570
352186
198593
466973
596999
218609
364210
530416
386561
445164
370275
274968
191513
465088
217294
201031
542622
531218
110502
206173
431418
223340
527921
385156
520208
137904
357492
126509
535036
286071
291357
240582
229484
320813
175031
409804
156244
551918
589569
123018
325367
261035
278373
392802
153928
287821
205327
463086
468796
471322
111108
559965
219210
544237
397328
263010
362299
492455
447460
236004
291136
311681
303697
336413
377692
453619
525518
397704
269318
231722
219613
379252
141448
116663
392810
359102
408882
220653
121706
334889
354714
542134
118544
137427
239695
274148
445970
575724
277659
143801
451498
476618
110360
173228
317599
190016
199321
437860
415652
360507
318298
297049
371336
318734
523957
173592
427091
459659
277484
412064
168703
459321
306083
207748
114129
422433
131547
264688
360854
112990
157307
388504
170014
530107
443294
309249
257299
456639
294389
438868
431706
245955
253587
433223
250872
572472
424652
338941
485660
292281
302516
150223
494593
261834
284146
433404
354853
425353
501014
419620
232328
579612
415220
353926
494305
539556
405888
508011
452604
523997
340533
367537
293828
517589
422275
231965
190071
388482
196864
521096
556684
454795
310242
349279
364039
295695
391702
119025
574305
138268
317052
523734
410725
313321
485106
326403
586158
443558
201962
329404
481936
155661
407951
205890
208686
167449
180221
528619
597915
369092
410598
524488
394895
464845
303618
240668
521229
188238
101415
405924
489654
356074
560913
476985
525321
278909
519161
346122
238056
570524
444714
269608
382967
150762
297387
554038
275810
444231
529911
110488
452553
120878
259385
209678
352373
259903
542881
383308
559993
184056
356985
249558
355214
155413
484991
203540
332902
404224
149467
308537
160512
428210
327651
100193
455640
361403
149193
272428
153520
271029
115722
515272
336792
164671
193544
559194
234588
563970
563738
516205
538116
510843
385207
392921
559394
578506
246911
183539
331739
395988
199837
572169
397273
383082
283999
252290
201718
474917
196877
281125
154196
558142
179010
490390
113864
268859
408829
338761
256145
310245
455001
535644
562590
250613
595176
562916
138746
206618
279830
189168
250052
411311
545989
140657
466857
276435
188217
249669
115037
491329
109557
390020
269447
123929
225551
489092
297077
120161
526722
531575
231373
187761
489566
506892
153544
321704
203475
468594
208724
550217
112963
493912
388788
123782
480935
463255
458463
559037
560618
122325
526978
571444
541757
474064
391089
448548
190393
105850
513673
250358
276290
465344
280965
246024
392898
585854
411084
130557
142235
111586
413050
181353
480482
547560
267906
478194
239102
536982
